SIZES
  narena                14680064
  nbuffer               101648
  nplugin               0
  maxuse_stack          3788
  maxuse_arena          31924
  maxuse_con            5
  maxuse_efc            15
  solver_nisland        1
  ne                    0
  nf                    0
  nl                    0
  nefc                  15
  nnzJ                  165
  ncon                  5
  nisland               0
  threadpool            0

TIMER
    0:  duration =  0.15       number = 1
    1:  duration =  0.15       number = 1
    2:  duration =  0          number = 0
    3:  duration =  0.11       number = 1
    4:  duration =  0.018      number = 1
    5:  duration =  0.0013     number = 1
    6:  duration =  0.015      number = 1
    7:  duration =  0.0015     number = 1
    8:  duration =  0.02       number = 1
    9:  duration =  0.0047     number = 1
    10:  duration =  0.068      number = 1
    11:  duration =  0.011      number = 1
    12:  duration =  0.0002     number = 1
    13:  duration =  0.015      number = 1
    14:  duration =  0.046      number = 1

SOLVER STAT
  solver_nisland = 1
  solver_fwdinv =   0         0       
  ISLAND 0
    solver_niter = 1
    solver_nnz = 121
      0:  improvement =  0           gradient =  3.7e-16     lineslope =  0       
          nactive = 15   nchange = 0   neval = 2   nupdate = 0

ENERGY =   0         0       

TIME =  2.5     

QPOS
   9.5e-10 
  -0.004   
  -0.0031  
  -0.00011 
  -2.2e-07 
   8.7e-19 
   0.2     
   0.015   
   1       
   1.2e-17 
   0       
   0       

QVEL
   1.4e-20 
   6.6e-17 
   6.6e-17 
  -3.7e-18 
  -1.8e-21 
   3.8e-20 
  -6e-17   
   4.5e-16 
  -5.3e-16 
  -8.6e-20 
   3.7e-30 

QACC_WARMSTART
  -3.4e-18 
  -1.1e-19 
   1.3e-19 
   9.7e-20 
   1.3e-17 
  -7.5e-18 
   7.1e-15 
   4.7e-16 
   6.2e-14 
  -1.6e-16 
  -4.6e-28 

CTRL
   0       
   0       
   0       
   0       
   0       

QFRC_APPLIED
   0       
   0       
   0       
   0       
   0       
   0       
   0       
   0       
   0       
   0       
   0       

XFRC_APPLIED
   0         0         0         0         0         0       
   0         0         0         0         0         0       
   0         0         0         0         0         0       
   0         0         0         0         0         0       
   0         0         0         0         0         0       
   0         0         0         0         0         0       
   0         0         0         0         0         0       
   0         0         0         0         0         0       
   0         0         0         0         0         0       
   0         0         0         0         0         0       
   0         0         0         0         0         0       

QACC
  -3.4e-18 
  -1.1e-19 
   1.3e-19 
   9.7e-20 
   1.3e-17 
  -7.5e-18 
   7.1e-15 
   4.7e-16 
   6.2e-14 
  -1.6e-16 
  -4.6e-28 

XPOS
   0         0         0       
   0         0         0       
   6.5e-11  -2.4e-13   0       
   6.6e-11  -0.00022   0.00028 
   6.6e-11  -0.00072   0.00054 
  -1.9e-05  -0.00072   0.00054 
  -1.9e-05  -0.00072   0.00054 
  -1.9e-05  -0.00072   0.00054 
  -1.9e-05  -0.00072   0.00054 
  -1.9e-05  -0.00072   0.00054 
   8.7e-19   0.2       0.015   

XQUAT
   1         0         0         0       
   1         0         0         0       
   1         0         0         4.8e-10 
   1        -0.002    -9.5e-13   4.8e-10 
   1        -0.0035   -1.7e-12   4.8e-10 
   1        -0.0035    5.7e-05  -2e-07   
   1        -0.0035    5.7e-05  -2e-07   
   1        -0.0035    5.7e-05  -9e-08   
   1        -0.0035    5.7e-05  -9e-08   
   1        -0.0035    5.7e-05  -2e-07   
   1         1.2e-17   0         0       

XMAT
   1         0         0         0         1         0         0         0         1       
   1         0         0         0         1         0         0         0         1       
   1        -9.5e-10   0         9.5e-10   1         0         0         0         1       
   1        -9.5e-10  -3.8e-12   9.5e-10   1         0.004     0        -0.004     1       
   1        -9.5e-10  -6.7e-12   9.5e-10   1         0.0071   -4e-28    -0.0071    1       
   1        -9.5e-10   0.00011  -8.1e-07   1         0.0071   -0.00011  -0.0071    1       
   1        -9.5e-10   0.00011  -8.1e-07   1         0.0071   -0.00011  -0.0071    1       
   1        -2.2e-07   0.00011  -5.8e-07   1         0.0071   -0.00011  -0.0071    1       
   1        -2.2e-07   0.00011  -5.8e-07   1         0.0071   -0.00011  -0.0071    1       
   1        -9.5e-10   0.00011  -8.1e-07   1         0.0071   -0.00011  -0.0071    1       
   1         0         0         0         1        -2.4e-17   0         2.4e-17   1       

XIPOS
   0         0         0       
  -0.00074   0.043     0.012   
   0.00043   0.056     0.052   
   0.00056   0.071     0.12    
   0.0038    0.11      0.16    
   0.0043    0.15      0.16    
   0.014     0.19      0.16    
  -0.0076    0.16      0.16    
  -0.0007    0.19      0.16    
  -0.005     0.19      0.16    
   8.7e-19   0.2       0.015   

XIMAT
   1         0         0         0         1         0         0         0         1       
  -0.0062    0.19      0.98     -0.28     -0.94      0.18      0.96     -0.28      0.059   
  -0.13     -0.99     -0.037    -0.029     0.041    -1         0.99     -0.13     -0.034   
  -0.009    -1         0.0034    1        -0.0087    0.069    -0.069     0.004     1       
   0.0051   -0.84     -0.54     -0.0011    0.54     -0.84      1         0.0049    0.0019  
  -0.12     -0.84     -0.52      0.064     0.52     -0.85      0.99     -0.14     -0.011   
   1        -9.5e-10   0.00011  -8.1e-07   1         0.0071   -0.00011  -0.0071    1       
   0.99     -0.0051   -0.11     -0.11     -0.031    -0.99      0.0016    1        -0.032   
   0.96      0.3       0.00011  -0.3       0.96      0.0071    0.002    -0.0068    1       
   1        -9.5e-10   0.00011  -8.1e-07   1         0.0071   -0.00011  -0.0071    1       
   1         0         0         0         1        -2.4e-17   0         2.4e-17   1       

XANCHOR
   0.00025   0.069     0.041   
   0.019     0.069     0.055   
  -0.014     0.084     0.16    
  -0.00089   0.13      0.16    
  -0.0084    0.14      0.18    
   8.7e-19   0.2       0.015   

XAXIS
   0         0         1       
   1         9.5e-10   0       
   1         9.5e-10   0       
   9.5e-10  -1         0.0071  
  -0.00011  -0.0071   -1       
   0         0         1       

GEOM_XPOS
   0         0         0       
  -0.00074   0.043     0.012   
   0.00043   0.056     0.052   
   0.00056   0.071     0.12    
   0.0038    0.11      0.16    
  -0.00033   0.14      0.16    
   0.014     0.16      0.16    
   0.014     0.19      0.16    
  -0.0076    0.16      0.16    
  -0.0007    0.19      0.16    
  -0.005     0.19      0.16    
   8.7e-19   0.2       0.015   

GEOM_XMAT
   1         0         0         0         1         0         0         0         1       
  -0.0062    0.19      0.98     -0.28     -0.94      0.18      0.96     -0.28      0.059   
  -0.13     -0.99     -0.037    -0.029     0.041    -1         0.99     -0.13     -0.034   
  -0.009    -1         0.0034    1        -0.0087    0.069    -0.069     0.004     1       
   0.0051   -0.84     -0.54     -0.0011    0.54     -0.84      1         0.0049    0.0019  
  -0.032    -0.092     1         1        -0.056     0.027     0.053     0.99      0.094   
   1        -0.013     0.016     0.016     0.019    -1         0.012     1         0.019   
   1        -9.5e-10   0.00011  -8.1e-07   1         0.0071   -0.00011  -0.0071    1       
   0.99     -0.0051   -0.11     -0.11     -0.031    -0.99      0.0016    1        -0.032   
   0.96      0.3       0.00011  -0.3       0.96      0.0071    0.002    -0.0068    1       
   1        -9.5e-10   0.00011  -8.1e-07   1         0.0071   -0.00011  -0.0071    1       
   1         0         0         0         1        -2.4e-17   0         2.4e-17   1       

LIGHT_XPOS
   0         0         1.5     

LIGHT_XDIR
   0         0        -1       

SUBTREE_COM
   0.00065   0.1       0.079   
   0.00079   0.082     0.093   
   0.0014    0.096     0.12    
   0.0016    0.11      0.14    
   0.0027    0.14      0.16    
   0.0022    0.16      0.16    
   0.014     0.19      0.16    
  -0.0053    0.17      0.16    
  -0.0007    0.19      0.16    
  -0.005     0.19      0.16    
   8.7e-19   0.2       0.015   

CDOF
   0         0         1        -0.013     0.00054   0       
   1         9.5e-10   0         3.6e-11  -0.038     0.013   
   1         9.5e-10   0        -6.7e-11   0.07     -0.0025  
   9.5e-10  -1         0.0071    0.07      1.2e-05   0.0017  
  -0.00011  -0.0071   -1        -0.06     -0.0092    7.2e-05 
   0         0         0         1         0         0       
   0         0         0         0         1         0       
   0         0         0         0         0         1       
   1         0         0         0        -1.7e-18   2.8e-17 
   0         1         2.4e-17   1.7e-18   0         0       
   0        -2.4e-17   1        -2.8e-17   0         0       

CINERT
   0         0         0         0         0         0         0         0         0         0       
   0.0011    0.00092   0.00032  -8.5e-06  -1.6e-05  -0.00042  -0.00019  -0.0049   -0.01      0.13    
   0.0002    0.00014   7e-05    -9.5e-07  -1.4e-06  -7.8e-05  -2.7e-05  -0.0019   -0.0031    0.075   
   0.00032   0.00031   4e-05    -4.2e-07   4.6e-07   3.4e-05  -3.1e-05  -0.0014    0.0041    0.13    
   0.00023   0.0002    3.7e-05  -4e-06    -8.1e-06  -7.1e-05   0.00012   0.001     0.0027    0.039   
   0.00049   0.00027   0.00024  -1.5e-05  -1.3e-05  -0.00024   0.00019   0.0034    0.0037    0.053   
   0.00017   5e-05     0.00012  -1.4e-05  -8.8e-06  -7.7e-05   0.00013   0.0011    0.00069   0.01    
   0.00023   9.8e-05   0.00013   1.3e-05   1.1e-05  -0.00011  -0.00016   0.0016    0.0014    0.02    
   0.00017   4.8e-05   0.00012   1.7e-06   1e-06    -7.7e-05  -1.5e-05   0.0011    0.00069   0.01    
   7.3e-08   2e-08     5.3e-08   2.7e-09   1.7e-09  -3.3e-08  -2.4e-08   4.7e-07   2.9e-07   4.2e-06 
   0.00017   0.00017   0.00017   0         0        -4.8e-36   0        -2.8e-18  -1.7e-19   0.1     

ACTUATOR_LENGTH
   9.5e-10 
  -0.004   
  -0.0031  
  -0.00011 
  -2.2e-07 

ACTUATOR_MOMENT
   1         0         0         0         0         0         0         0         0         0         0       
   0         1         0         0         0         0         0         0         0         0         0       
   0         0         1         0         0         0         0         0         0         0         0       
   0         0         0         1         0         0         0         0         0         0         0       
   0         0         0         0         1         0         0         0         0         0         0       

CRB
   0         0         0         0         0         0         0         0         0         0       
   0.0029    0.002     0.0011   -2.8e-05  -3.5e-05  -0.001     0         4.3e-18   5.2e-18   0.46    
   0.0018    0.0011    0.00076  -2e-05    -1.9e-05  -0.00062   0.00019   0.0049    0.01      0.34    
   0.0016    0.00097   0.00069  -1.9e-05  -1.7e-05  -0.00054   0.00022   0.0068    0.013     0.26    
   0.0013    0.00067   0.00065  -1.9e-05  -1.8e-05  -0.00057   0.00025   0.0082    0.0092    0.13    
   0.0011    0.00047   0.00061  -1.5e-05  -9.6e-06  -0.0005    0.00013   0.0072    0.0065    0.093   
   0.00017   5e-05     0.00012  -1.4e-05  -8.8e-06  -7.7e-05   0.00013   0.0011    0.00069   0.01    
   0.0004    0.00015   0.00025   1.4e-05   1.2e-05  -0.00019  -0.00018   0.0027    0.0021    0.03    
   0.00017   4.8e-05   0.00012   1.7e-06   1e-06    -7.7e-05  -1.5e-05   0.0011    0.00069   0.01    
   7.3e-08   2e-08     5.3e-08   2.7e-09   1.7e-09  -3.3e-08  -2.4e-08   4.7e-07   2.9e-07   4.2e-06 
   0.00017   0.00017   0.00017   0         0        -4.8e-36   0        -2.8e-18  -1.7e-19   0.1     

QM
   0.00095  -3.8e-05  -1.6e-07   5.8e-07  -0.0001    0         0         0         0         0         0       
  -3.8e-05   0.0032    0.00072   3e-05     1e-05     0         0         0         0         0         0       
  -1.6e-07   0.00072   0.0006    2.6e-05  -6.7e-09   0         0         0         0         0         0       
   5.8e-07   3e-05     2.6e-05   1.7e-05   3.1e-08   0         0         0         0         0         0       
  -0.0001    1e-05    -6.7e-09   3.1e-08   3.8e-05   0         0         0         0         0         0       
   0         0         0         0         0         0.1       0         0         0         0         0       
   0         0         0         0         0         0         0.1       0         0         0         0       
   0         0         0         0         0         0         0         0.1       0         0         0       
   0         0         0         0         0         0         0         0         0.00017   0         0       
   0         0         0         0         0         0         0         0         0         0.00017   0       
   0         0         0         0         0         0         0         0         0         0         0.00017 

QLD
   0.00067  -0.0044   -0.0022    0.04     -2.7       0         0         0         0         0         0       
  -0.0044    0.0024    1.2       1.8       0.27      0         0         0         0         0         0       
  -0.0022    1.2       0.00056   1.6      -0.00018   0         0         0         0         0         0       
   0.04      1.8       1.6       1.7e-05   0.00084   0         0         0         0         0         0       
  -2.7       0.27     -0.00018   0.00084   3.8e-05   0         0         0         0         0         0       
   0         0         0         0         0         0.1       0         0         0         0         0       
   0         0         0         0         0         0         0.1       0         0         0         0       
   0         0         0         0         0         0         0         0.1       0         0         0       
   0         0         0         0         0         0         0         0         0.00017   0         0       
   0         0         0         0         0         0         0         0         0         0.00017   0       
   0         0         0         0         0         0         0         0         0         0         0.00017 

QLDIAGINV
   1.5e+03 
   4.2e+02 
   1.8e+03 
   6e+04   
   2.7e+04 
   10      
   10      
   10      
   6e+03   
   6e+03   
   6e+03   

QLDIAGSQRTINV
   39      
   21      
   42      
   2.5e+02 
   1.6e+02 
   3.2     
   3.2     
   3.2     
   77      
   77      
   77      

B_rownnz              11 5 5 5 5 5 4 5 5 4 6

B_rowadr              0 11 16 21 26 31 36 40 45 50 54

B_colind              0 1 2 3 4 5 6 7 8 9 10 0 1 2 3 4 0 1 2 3 4 0 1 2 3 4 0 1 2 3 4 0 1 2 3 4 0 1 2 3 0 1 2 3 4 0 1 2 3 4 0 1 2 3 5 6 7 8 9 10

C_rownnz              5 5 5 5 5 1 1 1 1 1 1

C_rowadr              0 5 10 15 20 25 26 27 28 29 30

C_colind              0 1 2 3 4 0 1 2 3 4 0 1 2 3 4 0 1 2 3 4 0 1 2 3 4 5 6 7 8 9 10

mapM2C                0 2 5 9 14 2 1 4 8 13 5 4 3 7 12 9 8 7 6 11 14 13 12 11 10 15 16 18 21 25 30

D_rownnz              5 5 5 5 5 6 6 6 6 6 6

D_rowadr              0 5 10 15 20 25 31 37 43 49 55

D_colind              0 1 2 3 4 0 1 2 3 4 0 1 2 3 4 0 1 2 3 4 0 1 2 3 4 5 6 7 8 9 10 5 6 7 8 9 10 5 6 7 8 9 10 5 6 7 8 9 10 5 6 7 8 9 10 5 6 7 8 9 10

mapM2D                0 2 5 9 14 2 1 4 8 13 5 4 3 7 12 9 8 7 6 11 14 13 12 11 10 15 17 20 24 29 35 17 16 19 23 28 34 20 19 18 22 27 33 24 23 22 21 26 32 29 28 27 26 25 31 35 34 33 32 31 30

mapD2M                0 6 5 12 11 10 18 17 16 15 24 23 22 21 20 25 32 31 39 38 37 46 45 44 43 53 52 51 50 49 60 59 58 57 56 55

QDERIV
   0         0         0         0         0         0         0         0         0         0         0       
   0         0         0         0         0         0         0         0         0         0         0       
   0         0         0         0         0         0         0         0         0         0         0       
   0         0         0         0         0         0         0         0         0         0         0       
   0         0         0         0         0         0         0         0         0         0         0       
   0         0         0         0         0         0         0         0         0         0         0       
   0         0         0         0         0         0         0         0         0         0         0       
   0         0         0         0         0         0         0         0         0         0         0       
   0         0         0         0         0         0         0         0         0         0         0       
   0         0         0         0         0         0         0         0         0         0         0       
   0         0         0         0         0         0         0         0         0         0         0       

QLU
   0         0         0         0         0         0         0         0         0         0         0       
   0         0         0         0         0         0         0         0         0         0         0       
   0         0         0         0         0         0         0         0         0         0         0       
   0         0         0         0         0         0         0         0         0         0         0       
   0         0         0         0         0         0         0         0         0         0         0       
   0         0         0         0         0         0         0         0         0         0         0       
   0         0         0         0         0         0         0         0         0         0         0       
   0         0         0         0         0         0         0         0         0         0         0       
   0         0         0         0         0         0         0         0         0         0         0       
   0         0         0         0         0         0         0         0         0         0         0       
   0         0         0         0         0         0         0         0         0         0         0       

CONTACT
  0:
     dim           3
     geoms         floor : red_box
     exclude       0
     efc_address   0
     solref         0.02      1       
     solimp         0.9       0.95      0.001     0.5       2       
     dist          -0.00011 
     includemargin  0       
     pos           -0.015     0.18     -5.4e-05 
     frame          0         0         1         0         1         0        -1         0         0       
     friction       0.5       0.5       0.005     0.0001    0.0001  
     mu             0.16    
  1:
     dim           3
     geoms         floor : red_box
     exclude       0
     efc_address   3
     solref         0.02      1       
     solimp         0.9       0.95      0.001     0.5       2       
     dist          -0.00011 
     includemargin  0       
     pos            0.015     0.18     -5.4e-05 
     frame          0         0         1         0         1         0        -1         0         0       
     friction       0.5       0.5       0.005     0.0001    0.0001  
     mu             0.16    
  2:
     dim           3
     geoms         floor : red_box
     exclude       0
     efc_address   6
     solref         0.02      1       
     solimp         0.9       0.95      0.001     0.5       2       
     dist          -0.00011 
     includemargin  0       
     pos           -0.015     0.22     -5.4e-05 
     frame          0         0         1         0         1         0        -1         0         0       
     friction       0.5       0.5       0.005     0.0001    0.0001  
     mu             0.16    
  3:
     dim           3
     geoms         floor : red_box
     exclude       0
     efc_address   9
     solref         0.02      1       
     solimp         0.9       0.95      0.001     0.5       2       
     dist          -0.00011 
     includemargin  0       
     pos            0.015     0.22     -5.4e-05 
     frame          0         0         1         0         1         0        -1         0         0       
     friction       0.5       0.5       0.005     0.0001    0.0001  
     mu             0.16    
  4:
     dim           3
     geoms         base_link : joint1
     exclude       0
     efc_address   12
     solref         0.02      1       
     solimp         0.9       0.95      0.001     0.5       2       
     dist          -0.0019  
     includemargin  0       
     pos           -0.00059   0.068     0.04    
     frame          2.3e-08   2.5e-09   1        -5.8e-17   1        -2.5e-09  -1         0         2.3e-08 
     friction       1         1         0.005     0.0001    0.0001  
     mu             0.32    

EFC_TYPE
  7
  7
  7
  7
  7
  7
  7
  7
  7
  7
  7
  7
  7
  7
  7

EFC_ID
  0
  0
  0
  1
  1
  1
  2
  2
  2
  3
  3
  3
  4
  4
  4

EFC_J
   0         0         0         0         0         0         0         1        -0.015     0.015    -3.6e-19 
   0         0         0         0         0         0         1         0         0.015    -3.6e-19  -0.015   
   0         0         0         0         0        -1         0         0         0         0.015    -0.015   
   0         0         0         0         0         0         0         1        -0.015    -0.015     3.6e-19 
   0         0         0         0         0         0         1         0         0.015     3.6e-19   0.015   
   0         0         0         0         0        -1         0         0         0         0.015    -0.015   
   0         0         0         0         0         0         0         1         0.015     0.015    -3.6e-19 
   0         0         0         0         0         0         1         0         0.015    -3.6e-19  -0.015   
   0         0         0         0         0        -1         0         0         0         0.015     0.015   
   0         0         0         0         0         0         0         1         0.015    -0.015     3.6e-19 
   0         0         0         0         0         0         1         0         0.015     3.6e-19   0.015   
   0         0         0         0         0        -1         0         0         0         0.015     0.015   
   1.9e-11   0         0         0         0         0         0         0         0         0         0       
  -0.00084   0         0         0         0         0         0         0         0         0         0       
  -0.0009    0         0         0         0         0         0         0         0         0         0       

EFC_POS
  -0.00011 
   0       
   0       
  -0.00011 
   0       
   0       
  -0.00011 
   0       
   0       
  -0.00011 
   0       
   0       
  -0.0019  
   0       
   0       

EFC_MARGIN
   0       
   0       
   0       
   0       
   0       
   0       
   0       
   0       
   0       
   0       
   0       
   0       
   0       
   0       
   0       

EFC_FRICTIONLOSS
   0       
   0       
   0       
   0       
   0       
   0       
   0       
   0       
   0       
   0       
   0       
   0       
   0       
   0       
   0       

EFC_DIAGAPPROX
   10      
   1       
   1       
   10      
   1       
   1       
   10      
   1       
   1       
   10      
   1       
   1       
   0.076   
   0.0076  
   0.0076  

EFC_KBIP
   2.8e+03   1.1e+02   0.9      -22      
   0         1.1e+02   0.9      -22      
   0         1.1e+02   0.9      -22      
   2.8e+03   1.1e+02   0.9      -22      
   0         1.1e+02   0.9      -22      
   0         1.1e+02   0.9      -22      
   2.8e+03   1.1e+02   0.9      -22      
   0         1.1e+02   0.9      -22      
   0         1.1e+02   0.9      -22      
   2.8e+03   1.1e+02   0.9      -22      
   0         1.1e+02   0.9      -22      
   0         1.1e+02   0.9      -22      
   2.8e+03   1.1e+02   0.95      0       
   0         1.1e+02   0.95      0       
   0         1.1e+02   0.95      0       

EFC_D
   0.91    
   9.1     
   9.1     
   0.91    
   9.1     
   9.1     
   0.91    
   9.1     
   9.1     
   0.91    
   9.1     
   9.1     
   2.5e+02 
   2.5e+03 
   2.5e+03 

EFC_R
   1.1     
   0.11    
   0.11    
   1.1     
   0.11    
   0.11    
   1.1     
   0.11    
   0.11    
   1.1     
   0.11    
   0.11    
   0.004   
   0.0004  
   0.0004  

ACTUATOR_VELOCITY
   1.8e-20 
   6.6e-17 
   6.6e-17 
  -3.7e-18 
  -4.9e-21 

CVEL
   0         0         0         0         0         0       
   0         0         0         0         0         0       
   0         0         1.8e-20  -2.3e-22   9.8e-24   0       
   6.6e-17   6.2e-26   1.8e-20  -2.3e-22  -2.5e-18   8.4e-19 
   1.3e-16   1.3e-25   1.8e-20  -2.3e-22   2.1e-18   6.7e-19 
   1.3e-16   3.7e-18  -8.4e-21  -2.6e-19   2.1e-18   6.7e-19 
   1.3e-16   3.7e-18  -8.4e-21  -2.6e-19   2.1e-18   6.7e-19 
   1.3e-16   3.7e-18  -3.5e-21  -2.6e-19   2.1e-18   6.7e-19 
   1.3e-16   3.7e-18  -3.5e-21  -2.6e-19   2.1e-18   6.7e-19 
   1.3e-16   3.7e-18  -8.4e-21  -2.6e-19   2.1e-18   6.7e-19 
  -5.9e-16  -1e-19     4.4e-30   4.7e-20  -6.7e-17   4.5e-16 

CDOF_DOT
   0         0         0         0         0         0       
  -1.7e-29   1.8e-20   0         6.9e-22   6.6e-31  -9.8e-24 
  -1.7e-29   1.8e-20   0        -1.3e-21   1e-18     7.1e-18 
   1.8e-20  -9.3e-19  -1.3e-16   6.9e-19  -2.2e-19   1.8e-21 
  -3.7e-18   1.3e-16  -9.3e-19  -2.1e-18  -2.7e-19  -9.9e-19 
   0         0         0         0         0         0       
   0         0         0         0         0         0       
   0         0         0         0         0         0       
   0         0         0         0         4.5e-16   6.7e-17 
   0         0         0        -4.5e-16  -1.1e-36   4.7e-20 
   0         0        -0        -6.7e-17  -4.7e-20  -1.1e-36 

QFRC_BIAS
  -4e-37   
   0.1     
   0.078   
   0.0028  
   5.6e-06 
   6.7e-52 
   0       
   0.98    
   0       
   6.8e-53 
   3.4e-54 

QFRC_SPRING
   0       
   0       
   0       
   0       
   0       
   0       
   0       
   0       
   0       
   0       
   0       

QFRC_DAMPER
  -1.8e-21 
  -6.6e-18 
  -6.6e-18 
   3.7e-19 
   4.9e-22 
   0       
   0       
   0       
   0       
   0       
   0       

QFRC_GRAVCOMP
   0       
   0       
   0       
   0       
   0       
   0       
   0       
   0       
   0       
   0       
   0       

QFRC_FLUID
   0       
   0       
   0       
   0       
   0       
   0       
   0       
   0       
   0       
   0       
   0       

QFRC_PASSIVE
  -1.8e-21 
  -6.6e-18 
  -6.6e-18 
   3.7e-19 
   4.9e-22 
   0       
   0       
   0       
   0       
   0       
   0       

EFC_VEL
   4.6e-16 
  -7.6e-17 
  -4.8e-20 
   4.6e-16 
  -7.6e-17 
  -4.8e-20 
   4.4e-16 
  -7.6e-17 
  -4.8e-20 
   4.4e-16 
  -7.6e-17 
  -4.8e-20 
   3.4e-31 
  -1.5e-23 
  -1.6e-23 

EFC_AREF
   0.27    
   8e-15   
   5.1e-18 
   0.27    
   8e-15   
   5.1e-18 
   0.27    
   8e-15   
   5.1e-18 
   0.27    
   8e-15   
   5.1e-18 
   5       
   1.6e-21 
   1.7e-21 

SUBTREE_LINVEL
   0         0         0       
   0         0         0       
   0         0         0       
   0         0         0       
   0         0         0       
   0         0         0       
   0         0         0       
   0         0         0       
   0         0         0       
   0         0         0       
   0         0         0       

SUBTREE_ANGMOM
   0         0         0       
   0         0         0       
   0         0         0       
   0         0         0       
   0         0         0       
   0         0         0       
   0         0         0       
   0         0         0       
   0         0         0       
   0         0         0       
   0         0         0       

ACTUATOR_FORCE
  -2.4e-08 
   0.1     
   0.078   
   0.0028  
   5.6e-06 

QFRC_ACTUATOR
  -2.4e-08 
   0.1     
   0.078   
   0.0028  
   5.6e-06 
   0       
   0       
   0       
   0       
   0       
   0       

QFRC_SMOOTH
  -2.4e-08 
   0       
   0       
   0       
   8.5e-22 
  -6.7e-52 
   0       
  -0.98    
   0       
  -6.8e-53 
  -3.4e-54 

QACC_SMOOTH
  -3.5e-05 
  -1.6e-07 
   1.1e-07 
   1.5e-06 
  -9.5e-05 
  -6.7e-51 
   0       
  -9.8     
   0       
  -4.1e-49 
  -2.1e-50 

EFC_B
  -10      
  -8e-15   
  -5.1e-18 
  -10      
  -8e-15   
  -5.1e-18 
  -10      
  -8e-15   
  -5.1e-18 
  -10      
  -8e-15   
  -5.1e-18 
  -5       
   3e-08   
   3.2e-08 

EFC_FORCE
   0.25    
   1.8e-16 
   2.1e-19 
   0.25    
   1.8e-16 
   2.1e-19 
   0.25    
   1.8e-16 
   2.1e-19 
   0.25    
   1.8e-16 
   2.1e-19 
   1.3e+03 
  -3.2e-18 
  -3.4e-18 

EFC_STATE
  1
  1
  1
  1
  1
  1
  1
  1
  1
  1
  1
  1
  1
  1
  1

QFRC_CONSTRAINT
   2.4e-08 
   0       
   0       
   0       
   0       
  -8.4e-19 
   7.2e-16 
   0.98    
   1.1e-17 
   3.1e-21 
  -1.2e-31 

QFRC_INVERSE
   0       
   0       
   0       
   0       
   0       
   0       
   0       
   0       
   0       
   0       
   0       

CACC
   0         0         0         0         0         0       
   0         0         0         0         0         0       
   0         0         0         0         0         0       
   0         0         0         0         0         0       
   0         0         0         0         0         0       
   0         0         0         0         0         0       
   0         0         0         0         0         0       
   0         0         0         0         0         0       
   0         0         0         0         0         0       
   0         0         0         0         0         0       
   0         0         0         0         0         0       

CFRC_INT
   0         0         0         0         0         0       
   0         0         0         0         0         0       
   0         0         0         0         0         0       
   0         0         0         0         0         0       
   0         0         0         0         0         0       
   0         0         0         0         0         0       
   0         0         0         0         0         0       
   0         0         0         0         0         0       
   0         0         0         0         0         0       
   0         0         0         0         0         0       
   0         0         0         0         0         0       

CFRC_EXT
   0         0         0         0         0         0       
   0         0         0         0         0         0       
   0         0         0         0         0         0       
   0         0         0         0         0         0       
   0         0         0         0         0         0       
   0         0         0         0         0         0       
   0         0         0         0         0         0       
   0         0         0         0         0         0       
   0         0         0         0         0         0       
   0         0         0         0         0         0       
   0         0         0         0         0         0       

